     istep               E_tot               E_kin               E_pot              F_norm                Temp            Pressure        COM_momentum
      none              kJ/mol              kJ/mol              kJ/mol          kJ/(Åmol)                   K                  Pa              gÅ/fs
       0       319386.96567397      23893.51515016     295493.45052380      67174.98710280      47895.49033581 -341628612.08888155          0.00000000
       1       306690.27589759     169595.34746249     137094.92843509      44934.17566644     339960.54052068    8797685.86442774          0.00000000
       2       377664.57249377     367547.79181462      10116.78067915      58219.29450199     736763.99643047  410796951.16012859          0.00000000
       3       936901.01920140     720497.54464392     216403.47455748      65798.52446303    1444265.64988841  909983738.87719464          0.00000000
       4       998594.91232950     915672.47746234      82922.43486716      77439.89485521    1835501.47474918  884545588.88631403          0.00000000
       5      1071467.76274895     752676.31275189     318791.44999706      68796.47671911    1508769.25545870  207998194.26020211          0.00000000
       6      1176680.51405728     404319.67798408     772360.83607321     106500.66331798     810474.68770340 -913493305.35558987          0.00000000
       7      1388402.93428366     501903.32914437     886499.60513929     492086.69151135    1006084.95231736 -938933774.18005407          0.00000000
       8     46986111.50862215   45914918.06086434    1071193.44775781    2531124.27850191   92038258.0977713849828801742.21543884          0.00000000
       9    180337319.58342785  138739043.85202327   41598275.73140456     769718.49631647  278107867.01968384********************          0.00000000
